151700 351102
155799 354358
142857 352716
152726 349144
151008 349692
145865 351895
148629 350242
151083 353684
161316 348971
158758 352360
145731 350480
159597 355339
152294 345996
149801 349982
152260 350394
149352 342567
149607 353888
154711 359310
154456 349715
154482 351351
152123 348751
146182 350827
152268 349032
155155 350195
151546 355246
153272 347661
152299 348418
149040 349665
150929 349676
147510 354280
152809 356672
146373 346559
146620 347645
147440 351382
140689 347871
154549 356725
151028 355250
147613 351520
154333 352207
144588 348394
149677 352370
149236 353471
151009 350546
150989 356166
147265 351837
149905 349644
149479 351115
151985 353649
153457 349093
153508 350082
147269 357194
150245 348533
146161 352594
146479 352222
149978 354997
154847 352140
147566 342000
151174 347435
149287 351539
153533 351164
146556 355830
150103 354435
151747 351738
153480 350609
154883 345616
150272 355889
145283 349950
147653 344901
146643 351028
157433 351067
148053 348011
152366 351788
149392 347713
152810 346040
147581 344238
145566 348412
145502 347577
151544 351539
149439 345216
149380 349283
154488 345713
150922 355786
150626 349695
155021 354360
147456 351303
152203 353079
152641 346632
149229 353880
150682 354638
146313 343097
146370 349082
150332 347981
152284 350721
158176 348142
147891 350667
150592 351938
149739 350744
143887 349016
148612 345804
144325 349614
152658 348627
147192 345695
150317 349855
148278 349168
150960 350700
148102 352932
151549 351968
152338 354342
155413 348247
149386 347218
143238 349025
147345 354087
154284 354530
146610 349265
153039 348426
150392 345255
154543 352568
143799 349452
149375 346232
146180 348565
159196 345163
152610 351614
154361 349889
146654 354798
148518 345574
149138 352967
153474 350799
149121 350172
152218 352477
143512 353106
148881 346518
147396 353889
145013 345694
151606 346781
150892 347973
150106 352328
145783 346212
153565 351410
151107 351407
149054 350390
150072 351752
149171 346227
144465 352617
149097 350267
147371 352034
146903 346596
146343 349798
148313 352593
143667 352558
153049 350040
151645 344332
149937 346543
149890 350677
147476 352247
153221 351779
149579 348030
147740 356836
154273 350655
149289 352652
148137 348506
149071 346399
147319 351888
146458 352911
157988 356532
155235 348859
150973 344975
146025 354691
147263 350557
149442 346398
152503 348491
145788 347034
142632 352916
145418 351405
151055 350869
151238 350880
151428 347558
149588 353084
150581 351148
148494 349028
152726 349691
145694 349249
151439 347353
147316 352064
148941 354275
151748 357959
153286 351914
146466 347059
153987 351031
152088 347040
149785 348049
149383 347865
149312 347309
149041 351094
150073 346498
150162 352116
152612 352764
154829 353747
151477 350083
149337 351881
151977 355871
150579 350225
146744 349115
153002 355877
150971 342203
150427 348606
151629 357810
150827 348599
147023 347939
149487 346090
149538 352449
148318 343193
155319 348017
147231 351507
148470 349842
147748 351738
146287 350027
149392 352082
149133 345863
154839 351170
149213 344992
146635 352128
155071 349530
153904 352452
149274 348236
145237 350558
148594 353176
149507 343722
150873 344212
149174 344152
151402 352810
151239 351399
146045 347394
147002 354417
147656 350199
148394 344847
148986 346692
150039 345645
140421 352047
148555 347964
153929 346706
146627 347847
152953 347664
151108 352795
149908 351493
150577 351009
145051 350813
149733 350108
155072 347522
150311 351735
150131 347429
147678 346395
149903 346611
150735 352809
151348 353222
148821 344348
149252 349459
156399 351433
142858 347365
157050 353099
151067 350907
153162 349835
144737 347720
148134 351944
149121 352584
151337 351610
144718 348717
151491 353047
146165 346763
150209 350475
152063 354600
151034 349507
153424 347687
153181 356433
147942 349017
150813 351471
147014 347173
145820 350487
152925 351762
150000 350014
149826 351009
152881 354078
151880 345770
151107 350758
153954 344130
152940 350383
150758 356150
147817 352743
147940 349772
153770 349313
144903 351152
149923 353318
143837 349430
153227 355403
152725 347705
150004 343715
149776 347623
142138 348587
151838 349011
143067 346641
142666 353474
150253 344940
147001 348153
151301 347080
152141 348722
152712 348175
147814 351287
151421 346866
150318 347450
152612 350579
151695 353580
152839 344449
149583 355621
149535 347190
153187 352357
143284 352631
148404 354003
145982 347970
148790 349956
152051 349694
152611 348355
146790 350534
148510 350979
150433 348935
149077 350324
150954 358508
151265 350103
147059 351941
149441 348489
143258 347665
153622 349274
148011 351577
146193 347097
149197 344090
145482 349716
149934 348620
148227 350704
156887 350955
153600 352654
142104 352045
151396 345969
145579 344761
149193 351500
150520 351016
152365 347281
149137 353807
154985 350602
148479 350237
151036 350965
152102 352583
150269 354824
152786 349454
151022 344657
147520 352941
144291 346510
155877 354501
148088 347954
150327 354726
151781 347642
150359 346535
147139 352725
148521 345563
149605 352102
154677 351845
147278 349277
152481 349174
150976 356572
149260 348748
146658 349067
149101 346956
149726 347413
145353 347699
150608 355440
147400 348512
149702 347799
151063 348696
147139 351962
149088 345769
151107 352084
144195 345231
153276 349916
157667 345018
153034 351990
149001 352080
151355 347972
146724 350672
155938 351106
152975 353945
152490 350653
147230 352994
151012 349734
148235 347784
149015 349782
148197 349193
146756 352450
147126 349536
149336 347287
144628 348976
151921 353932
149627 348657
152211 348149
150853 353181
151563 350475
145310 348390
146774 347353
148586 345202
150347 350517
153569 349359
149083 350912
153989 345816
151503 354309
153713 351904
150401 345111
147923 353118
145315 347683
150492 351000
152588 350949
149075 347144
148290 340826
149024 351587
146532 348577
148441 347963
149428 351261
150145 347844
149798 352092
151933 350668
150346 346915
155736 353207
150987 351592
155706 354510
147713 346963
151665 347350
149177 350904
151898 352289
151878 352793
143087 349329
145804 348838
145443 351598
151271 356308
154649 353248
148967 350163
152569 348449
151725 351745
146674 348144
151257 350876
147622 352211
154795 353388
149897 351840
155173 354853
148656 355690
151864 344216
149801 344384
143606 346458
146894 343403
151937 349070
149826 348924
146462 350434
148019 350702
150789 347920
146860 347127
153083 352805
147974 348596
155720 346258
146585 349691
150630 350705
145190 348226
147712 351859
148124 350523
151269 349457
152979 350159
150950 351537
148820 348493
152579 346939
152526 349763
150380 350444
151806 351784
151305 350036
146879 348249
152402 352117
147922 349435
148090 352348
150560 349773
149028 349883
149583 349669
151883 347290
153310 347414
149374 346913
151036 355719
149246 349295
150726 353032
151391 351238
148049 355655
150869 353004
151901 346330
150292 349000
155470 353353
148076 350714
147669 356894
144466 349296
152879 345405
152742 351671
149747 347106
152841 350440
150581 353450
150920 351062
150357 350979
151391 349519
150321 349571
158814 350557
146311 340824
144136 350651
146393 352755
146543 345571
148629 345074
149467 351901
149309 345188
151712 344887
151231 352606
152376 348179
155623 354479
153868 346321
145942 347661
142635 350024
152852 352014
144195 350891
150211 350624
150112 349288
157043 348882
149781 351490
148396 348622
150746 351401
150777 353500
150222 342945
148075 355485
146134 347625
151001 354242
145753 354457
146736 345052
154210 350978
148675 360774
149556 349280
152845 351815
149051 350946
153255 354315
148909 353322
153203 347342
151990 348819
149326 351013
147262 349542
146701 357646
149146 351295
148614 351238
148708 347235
153110 346197
149059 352405
153617 349741
148319 351874
153076 347691
148348 352654
150558 344350
153070 355236
148691 352533
148614 350208
156335 346980
153007 349050
148634 350664
152052 354005
148861 346634
152232 354298
154477 359157
144926 347934
153254 351800
154610 348393
150150 344613
155522 355179
150491 352233
146088 348002
143064 349663
148946 349171
152256 345626
151004 341031
151308 349981
148175 348362
150455 348231
144818 346820
147596 344042
147411 348099
151644 350672
149955 346655
146346 351052
149970 349139
147819 349463
147892 345293
152733 347868
150359 351326
151260 347641
152795 350788
150570 356280
151742 352676
152160 353480
153702 357797
151505 353849
154466 351698
150071 356147
149849 347138
155380 348392
148388 356189
149991 351429
152909 350158
150474 351489
154443 349613
153270 349408
150922 348875
147541 348011
151792 347210
145628 349374
150773 348269
152557 354792
150674 350808
152782 353492
156447 350205
152922 350036
150844 354043
152029 354824
151346 350238
145842 354910
148683 351365
153873 351547
149862 356883
151842 355016
146817 352536
150204 351286
151898 348496
145695 349207
151099 355843
149425 343582
147029 347699
149881 349394
144003 349867
143271 343714
146278 351292
146868 351983
146291 346671
144544 348639
150911 346273
144959 354607
150349 351210
152489 349459
149993 347087
150294 350340
148804 355180
145311 350397
149861 351098
153038 346527
155497 351072
148640 352306
144854 345139
150526 353603
151190 357876
149282 345026
146367 343134
156402 350412
142539 351642
148387 349582
145821 349083
147988 349819
151005 346751
150437 344871
147752 354751
152457 351166
151968 346460
152047 353590
148654 345783
153316 349948
152089 352540
157933 348148
153363 349237
153659 350459
150168 356160
145926 351037
148826 348626
147604 349051
148217 348940
151756 354287
148239 348929
147169 347226
148706 350628
149491 349651
151294 352625
146988 352718
151003 353521
150247 352061
154188 352409
149326 355921
149575 346308
146296 348537
145619 344229
150982 352991
149211 349989
151593 349217
147177 344303
156035 351181
150387 349221
153311 346068
149282 346286
149486 347551
152182 349431
151757 344988
146457 349073
145153 351453
146528 348468
145523 347356
150188 350976
148700 353334
148836 348478
145696 348101
152465 345729
151390 347063
149717 351878
153229 349965
147236 352129
151311 352239
151102 351293
151104 352523
147694 354563
151034 351918
148372 351177
147165 349581
146195 345711
153282 348739
147325 350758
149453 346448
146178 351091
149060 350921
139779 349293
146563 350605
145489 349624
146792 349610
149326 349905
148971 352822
156149 350330
148192 341509
149209 348391
145037 350120
148490 352869
145769 353920
150096 347047
152698 352664
151278 350876
147784 349123
144844 349562
154617 350373
156483 351090
150381 350786
146870 347574
153788 347091
148126 352851
148514 349160
152803 354731
145620 346654
143812 347512
151330 354605
151267 354556
150301 346792
151571 350807
153422 354562
153069 354500
148202 345777
152561 355348
150548 352137
148401 350555
146226 348913
152046 347165
148882 350187
150147 349207
147492 357018
145097 350108
150543 349509
149803 349936
153792 348451
152535 356772
153331 352337
147632 349999
147039 353238
145987 349494
151575 349850
158820 349131
152301 348293
147555 354804
152646 352683
146432 349917
145495 354912
152269 350301
147540 350667
150999 345632
154448 351940
151268 345573
152940 347184
144922 352479
152092 351314
156763 347932
151711 348918
145127 350320
149358 350628
148419 344457
151211 346327
151303 344552
151282 349900
148850 344470
148105 352019
148136 346650
152699 346789
144140 355048
149344 356738
150855 347508
147936 349677
151509 356327
149774 348278
147033 355107
150510 352630
149152 350090
148704 348759
147751 355102
150194 352257
144162 347425
148740 351110
148281 347066
147116 350180
152064 355026
147678 351441
151710 347781
153086 351403
149504 347755
150878 356441
152022 344558
149744 347899
151710 352598
146007 347020
153511 350407
146871 351747
144217 353379
154378 347521
149802 349446
151420 348658
148851 349526
146773 350840
140282 347082
151980 352716
149093 351252
149376 348451
151283 350997
145512 352648
147693 352894
153628 352465
151891 349985
145948 347644
143033 350008
148194 348353
150677 349023
152980 353208
150296 354583
146451 351520
150968 356557
146293 344818
146961 349768
147933 350093
146112 354691
149143 351492
147154 348696
149097 351653
148538 351875
148704 350445
148408 343461
153900 353609
151930 339207
150187 350363
145361 344655
144859 348369
143787 353779
158238 349208
153075 356340
150813 352530
146919 348916
146375 346795
151732 348613
154949 351673
144645 342006
148579 351793
149733 350853
143701 351947
152660 356708
148689 348850
156047 347519
148764 353588
151294 352944
146387 349189
148024 347935
146304 350414
151241 346569
154117 350620
148123 347805
151380 347560
148405 352886
150323 350128
153783 354629
150380 346620
146721 350428
147290 346437
149463 351893
149394 354046
147262 352947
150571 343401
154005 352546
149206 349948
149353 350987
143038 347581
147551 344560
145594 352369
148779 348282
151662 349129
154817 351011
155687 358550
149630 357180
148987 345750
152585 348767
151550 353262
152420 343719
152461 354160
145319 348540
151709 354574
149711 347203
147596 346857
147807 357063
154052 352255
147439 348769
146089 346359
150679 353540
156359 351712
150081 342885
150975 347255
147033 359048
155294 350492
150395 343748
151676 347374
146989 348378
152701 352456
151231 349611
146344 349954
150126 349956
148575 346836
150345 353725
149208 348771
149399 348482
146734 350287
148978 349687
152424 348601
155517 350952
146330 356281
157518 352455
154826 348421
150533 347317
149048 349153
147791 344820
152633 356008
147803 350423
148539 346193
152794 350659
151379 345596
152836 352116
151596 349589
148732 350005
148375 350976
152518 352938
147878 347240
153753 345759
152500 349923
150910 347502
150010 351338
151156 344280
161152 353817
149644 350928
145078 346010
156056 349607
151929 352829
147951 357430
158277 349723
151742 354522
150930 347385
147540 350405
146632 349010
144408 350511
148663 348299
146670 345195
152048 349353
148996 351283
155594 348967
154777 349898
150519 351317
149106 351607
153643 348056
146374 348793
152130 352952
147884 350829
148734 345632
147876 354658
151820 348242
147539 347556
146637 345184
151749 349830
148661 349543
151143 349099
148887 347247
150852 344860
141890 358668
151473 354870
155861 349457
153287 349967
152881 351417
149242 349886
150572 348263
150772 353016
150305 346449
147374 355896
148886 344341
149447 348927
148480 352594
152646 350636
158027 346073
145815 352482
150406 350554
145439 346981
154119 351682
154459 352825
144743 356347
156146 350320
146570 348731
150717 348483
153475 344284
150465 351687
157260 344262
158704 350021
150437 349178
143969 352056
148846 341165
147318 352620
147582 348124
146434 345575
150247 349997
156662 351400
147736 348439
149113 345288
153689 354165
153835 351004
151535 347929
153245 354152
152753 351431
148793 345891
151356 352090
149054 344256
147154 346387
152007 350678
150213 351315
149408 350163
150923 344010
153123 352888
151243 354094
150615 353734
150885 348294
150162 348777
147551 346554
152488 351036
154455 351239
148311 347404
156096 353503
149443 352626
149229 351991
147162 347345
147494 345538
146986 351751
151119 354665
155050 346446
151668 343219
152701 354789
154243 350230
142096 352915
149470 353048
151116 346277
152268 348868
145874 346960
146819 350247
152500 353920
149631 350139
151749 343567
146962 353583
144833 349492
152407 348795
153774 343760
155161 351693
145155 350287
145773 350643
145339 346142
149868 347689
148054 346922
154156 356040
145399 346959
144490 348830
150649 347264
153772 353243
147461 349708
145998 349829
149528 352909
144825 351607
150055 352478
152620 343551
150689 350761
143962 352437
148302 350931
149045 352742
155735 357248
152893 354218
149819 346448
154141 347802
146696 349286
148899 347868
154467 350198
154751 354339
152310 348559
151552 349255
148147 349099
152356 352358
147381 353000
151817 349711
150891 349091
153603 353298
148653 352141
152012 351737
152508 360528
147159 349816
150494 351123
155051 350242
150356 351975
149024 348251
151444 353315
149130 355668
151401 350408
149574 349742
149942 348221
151457 348656
154308 345071
151429 349974
155213 347748
143586 353310
148579 350348
150746 350247
147359 354136
145965 344010
151951 351232
151938 346865
150915 348067
151250 350938
147247 352530
148426 347210
149663 351707
147825 354371
151049 347414
157479 347626
148475 349811
152047 352177
146729 349678
154236 347855
146935 350056
150660 350718
148044 348406
151619 346636
150036 351373
149861 350040
159326 349790
148008 347815
149852 348411
158484 348120
146374 346365
151749 354156
146596 348900
153259 344886
151036 348567
152062 353543
149118 348219
150775 355670
154656 348013
142805 346911
144835 346233
151314 353793
147929 347968
149063 351219
145266 344341
147139 347912
148722 351946
147705 345742
147260 349884
148666 351592
147019 355298
154243 352441
146874 352666
155749 349460
148816 348060
145409 349719
148044 346994
152955 353826
153339 352775
150507 353079
150909 354058
152001 349861
145386 347723
148160 351470
144213 353046
148580 352559
153002 353275
152269 354966
157235 351653
150527 353841
143181 349281
155342 353018
154055 345989
148158 354668
150704 344486
152465 350894
151217 349032
152202 346574
149644 351021
149877 351033
150279 354468
147503 350181
154500 352267
150020 350767
152171 354835
147296 353287
146600 349694
149712 350362
149201 355519
153778 349624
151917 352891
151709 347407
145431 347146
146940 352409
150639 352104
148900 353219
154080 348416
154241 353627
148163 350357
152767 350127
154413 355756
151015 354623
155134 343431
153360 351458
150677 347392
152773 349335
150615 348066
148688 354980
151134 354018
150115 351759
148847 352098
155600 352002
150700 352222
158634 351654
149063 349345
151784 351776
155005 349525
158631 349622
150960 349247
147501 349473
152541 350279
145826 357549
149134 346065
150860 346714
154710 351245
154545 350295
149913 347694
152922 351321
148984 352268
152091 346579
156057 349322
150496 345997
149050 350168
148419 350357
152266 352374
154229 347005
156722 351608
150171 349566
150516 354431
147999 350765
155098 348820
149761 349256
148503 348163
156907 355218
152561 348648
152265 345171
146820 349049
151372 353735
151645 352251
146546 350171
149286 355546
148720 348023
151669 350982
146816 346938
153444 347865
155644 349481
149039 351942
149972 356460
151602 352674
153805 347010
151651 349520
151256 348381
148473 348926
149268 353640
151940 351381
155322 353652
151797 352078
146186 347124
151369 353066
149709 345722
149228 352439
149307 351817
147218 353184
148986 345431
147519 349111
148846 349941
150371 350353
150551 352813
149318 352136
149517 352003
150107 350572
151449 355418
154053 349382
151961 350514
149093 348095
151891 349996
149224 352205
144369 345575
142577 349858
144581 347146
149250 352406
148041 343620
147723 343619
150129 355124
147916 349321
148006 343608
151928 344887
152474 349974
157705 351738
150956 351158
150184 353376
148184 350866
149383 349707
149840 353281
144448 355923
149186 350003
152370 349480
148195 353087
151563 348560
153135 345647
153406 350006
152457 351017
142854 349744
148215 346304
152851 348407
151248 347987
150015 353007
151382 349727
153574 352401
150486 351932
147601 349154
149430 343711
149343 351076
152836 352499
151304 347762
151731 350120
150467 348657
148854 355239
150193 349923
150685 350710
145579 346261
150566 347743
152933 346025
149652 352258
154972 352408
151772 347571
148671 358953
149513 352843
149130 351190
150762 356105
152387 342512
149077 349621
151450 350067
155551 351184
152946 347028
152610 351927
147423 342766
148311 350169
150767 351458
149682 349839
144861 350632
145211 347118
153245 352054
147603 348581
156572 345437
142973 348321
151419 348191
150002 346776
147609 351350
151279 350255
147490 348947
152719 348548
150211 355296
144816 353172
142332 348638
149102 350183
153623 355121
150573 355700
150172 353486
152175 349192
145594 347726
154507 352816
147173 347000
150119 346643
148850 348767
150473 353055
143851 349886
154819 351253
151726 353712
156356 351374
154480 346866
150036 352653
147030 351202
144501 349172
150054 348706
150693 348356
153307 350255
146993 347181
152513 348640
150226 345345
147553 348123
152448 348064
150840 351902
149257 354504
155937 353852
151927 353486
149651 352093
150877 351808
150275 352387
150549 347759
151434 352765
148092 346038
147480 351695
151140 347495
155961 347543
149030 348476
146797 345581
149246 349975
148469 353342
148965 349112
151504 351710
149589 350469
148120 353625
148597 349362
145818 350504
147282 357493
145532 353160
148368 346899
146569 353180
147764 346868
149046 349936
146204 350531
149939 352731
151076 348858
146954 351388
153523 355921
144984 343503
148761 346488
145305 353290
148910 348966
145813 349461
148182 352725
147658 356760
146253 345529
143470 346487
151787 349935
156325 350634
157031 351039
148444 348861
149855 353823
148527 346991
150240 350666
147095 352824
143930 350574
149885 348031
146126 349992
143984 348400
157508 348864
149262 354184
151277 349506
153771 348558
144672 347089
151306 350512
151587 345452
150263 344847
150499 350657
148330 345775
152287 348971
147312 352171
147482 352650
152294 355089
155333 347357
148778 352573
148403 350864
151290 354070
153391 351032
153061 352871
150854 353671
147994 348504
151991 348748
149749 345793
154354 350160
145547 350673
150447 347706
154078 350634
148435 348722
148024 348444
147048 352157
149119 352480
149366 353550
150432 346629
147207 349292
150261 352087
148090 345739
148834 355946
147349 350469
149107 348196
161289 354379
160776 352264
153627 350706
152490 348109
145958 344041
148151 346783
148041 347773
151693 351593
151527 352086
150343 347563
148924 352498
147072 351807
150017 349607
153602 347367
151351 352942
150572 349649
152079 347019
151848 350979
144888 351136
150059 345407
148653 355738
143568 342595
145799 344435
148988 353750
152610 351284
149275 348578
150829 350119
147160 352017
143178 346587
150297 352950
146992 351893
153708 350229
155487 351150
148825 347904
153772 347682
153016 349079
145525 352789
149895 349235
150826 348662
151654 347084
152140 346648
152133 350283
152145 353488
149012 353776
151199 351882
142876 348315
146305 348474
153801 351531
147911 352741
151036 353169
154769 343810
147189 349573
146966 346655
148442 348361
151395 355599
149352 347489
146908 344393
145026 350060
148829 349491
149301 348623
148308 352598
149172 351698
146536 350836
151737 349302
143123 350414
150457 349129
152116 350797
147316 351546
149819 351051
150923 347975
148056 348116
149957 346723
151303 353268
147036 349622
152641 348197
153461 352479
151016 348494
150048 351408
146318 354404
151565 353107
146155 349112
155031 350145
151665 356262
150837 349546
148755 350823
143118 350337
146219 352532
151155 350793
157629 351915
152341 351248
150980 358559
148286 352585
150387 347281
153043 346474
149197 344839
155982 356388
146141 347037
148810 353003
150166 351696
143821 344578
151788 356544
150246 351762
150255 355752
152513 351329
153300 350895
152537 347046
148517 349970
149853 350417
151118 345326
146026 349543
146724 350186
148650 347596
150246 351316
155663 346751
152521 348447
148601 350192
148011 347897
154850 351812
158644 349723
150529 347303
148486 352780
145533 351441
153083 352106
150916 352247
153685 353545
147126 352830
150761 350182
147932 348376
154032 350055
148257 353721
149724 346203
148900 348114
153143 353597
151355 352797
146824 348123
147999 349149
146693 349179
151599 349293
151050 342417
144828 348138
143970 350369
149872 357701
152205 345618
150534 348054
145118 348299
145093 346544
152742 348154
149540 343900
148779 349524
154162 348785
147481 351431
150428 350223
151321 353486
152593 355359
147298 350113
151130 346218
158691 351637
145216 353921
151372 349837
149273 351147
147385 346698
147369 354485
151574 351428
157323 349404
147490 344482
151711 348007
148232 346591
156250 349075
151722 351263
149564 352566
151960 350686
149982 350262
153501 351529
149413 358289
146454 350692
150779 350521
154936 355458
146216 349903
149234 347806
153178 353250
143928 348267
151978 350834
152381 352995
150675 352610
147564 344712
149977 342566
150295 347822
152958 355493
152098 350949
148892 349412
155123 350022
149839 353250
147430 350783
148614 351358
152715 343694
150617 349514
152811 350341
150219 347316
157864 350714
144733 347578
148685 352606
149734 348177
150282 354133
154605 350326
150694 352887
149637 357153
150217 350232
152376 354940
147820 346408
151426 355880
145051 345703
149751 349769
147022 348674
147935 346178
150893 345974
146442 351678
146873 345316
145206 345302
142953 352847
149521 349957
153677 351562
149425 347106
149260 349307
146690 350635
155007 351028
149211 355547
154092 348446
151145 349643
149168 352535
153422 353325
153107 344100
149648 348732
154098 348281
155633 350513
149793 351600
149191 351319
151280 353718
151112 351520
152554 351248
149192 352894
152261 351575
153316 346164
150561 350402
150485 344842
146033 353098
146291 342997
145379 347808
146065 349903
149510 349831
144893 355414
157103 350885
152338 348302
143462 351193
146349 345838
149661 351682
144583 350248
148546 348619
153450 348388
149482 346202
149787 344068
146833 348349
148243 352270
145726 347326
151152 355101
148570 347062
152477 356984
153912 348213
153406 350653
149890 354504
148406 353721
146129 347229
150375 352361
153034 346797
148922 344525
149452 352025
151949 344753
152732 343546
145519 349363
150632 354423
150619 353894
149522 345248
152823 350400
148848 352411
147387 352803
150873 354998
151454 355136
149312 352625
152518 345770
145200 349645
146601 345318
140285 352908
151649 355646
146866 343389
149200 352549
153192 349241
150161 348512
148607 347063
147317 353707
149240 351130
151907 349817
145205 350833
149784 353166
152474 347512
145507 347050
152117 352378
152161 355205
147210 353655
145242 349160
151370 345947
152556 342884
151831 347268
152412 353795
146262 347898
151846 351077
148166 350486
148225 342892
145080 353444
153479 356719
150554 349933
153174 353459
154778 348095
146404 351516
152033 356884
149960 354123
152891 348087
153503 347142
152595 350427
147414 348996
149600 349763
150835 354083
159988 351695
153879 355624
157338 350599
151311 349712
150670 352563
151939 351535
148331 349173
153926 345396
149502 346438
145656 351507
152754 351985
145040 344885
144168 349794
150912 351757
146993 346001
147120 346571
149488 353706
148454 344328
149296 351335
150860 353163
146305 343994
146129 349203
143361 345638
148766 350160
152101 348882
147779 344583
151585 352103
151709 352047
153133 348367
153129 351974
147822 345552
147290 345844
150153 346386
147898 349446
154594 348810
154363 356450
150301 349806
148649 351633
151615 351968
147925 350962
149605 350564
148323 353747
150334 346370
153568 355502
152348 352394
153616 346745
147107 353204
150569 353778
146890 355061
151217 348799
151030 355261
154099 351239
153476 345743
152066 347764
148403 352765
148495 355491
143512 345629
148582 349508
145095 347443
152940 356208
152852 347466
150437 354233
148803 347915
150452 352489
155076 346341
154266 355147
148582 342927
150533 351068
146457 350970
151267 347544
152337 347193
152846 352202
145158 346255
151596 350071
147267 340855
148809 343333
152492 350108
150943 353612
149482 344758
151919 352327
155169 352072
148028 347951
145731 349498
146325 356527
147014 345295
147877 351298
151824 350835
143404 350354
150746 350056
147538 350639
153477 349557
147294 344401
150024 348165
147035 350441
147845 350599
149177 351817
149276 356916
148340 344629
153568 352498
151740 350601
155866 350467
149123 347731
153373 349936
143362 351477
152019 351543
151175 345065
148817 352733
152199 351005
152775 356238
153269 346827
151327 347861
151901 344677
147869 349798
146537 352785
149154 348408
150590 348426
153007 349374
147500 349245
148452 353066
159406 350991
148031 348284
156073 352604
153039 346011
148236 351707
149663 349317
149320 356663
151497 348108
154319 351765
144821 349853
156400 347239
152460 353001
148264 342822
149602 343837
150947 345974
184129 378867
183112 382381
176043 384123
179432 375113
177649 385280
180738 384111
186645 380959
177228 384694
186163 381386
178529 376643
177938 383343
181928 387217
182242 377788
180885 376937
175359 383118
177814 379706
177255 375434
178379 383728
177527 379268
181346 377633
183199 378490
179207 378355
181753 383125
182400 376604
180423 381519
179138 383074
178284 377123
176322 380684
179135 374711
180504 382243
179410 376410
180689 382606
180146 381379
182120 378918
178006 375144
179626 384152
180765 380557
178811 385159
180887 380116
174389 373843
181450 385463
181460 379229
179996 382908
178884 377616
178631 381788
174609 382088
183465 383534
182010 381771
176562 379528
175328 379987
178782 380829
182153 377892
182633 381995
181691 376820
182429 374248
185549 381079
174610 380083
181485 380843
179828 385561
177632 383642
182267 386091
179983 380692
183795 383238
176730 377813
177320 379005
181371 374638
177193 379939
180383 382955
178729 376543
183468 379647
181381 377860
178713 377328
177980 382637
178720 380084
187570 383084
179843 381233
179359 382880
179375 372835
184795 377263
174522 378911
183518 381446
177725 383386
179136 377901
182142 378311
177039 378807
181346 382322
179764 380311
175577 383100
180608 377632
181835 381477
182017 381420
178210 374648
179949 380927
181968 385671
181687 376400
178769 377872
175979 376399
180862 383639
181004 378349
184738 382838
175086 374334
178880 374153
181373 383275
179679 381835
186416 381523
178839 382927
172525 379465
182308 380671
175576 376805
184158 380446
181277 376666
178912 377089
176901 378189
185873 381024
180979 385141
178453 381033
177803 381058
179430 381652
183973 384185
186042 382430
180086 380209
181351 378773
181023 381981
174786 374181
180444 380176
178425 382810
178647 379147
179523 381767
170858 379628
177677 381608
182391 378686
180382 385297
178369 381085
178922 380336
176585 375912
177795 379172
178156 375267
179411 379033
181859 376319
179933 379792
179748 380454
177358 378211
183095 385447
180745 384382
181790 384628
180693 381928
182554 382710
184783 378410
178635 380278
181716 376640
182148 380969
179972 383591
186046 377141
176905 379033
178463 375233
180246 381932
180083 383881
179295 383527
178483 376621
182608 378030
179809 379659
177449 378502
185416 378882
182884 372345
184708 382474
179915 379254
186058 382787
182908 381123
174282 370056
175999 378652
181846 382658
179633 383252
179545 378956
183399 381978
185383 381287
181237 383024
180403 386219
187118 377844
179966 386604
178575 380532
178118 377298
177674 377218
180258 380396
177278 380162
174123 380705
175937 382196
181379 381276
183451 377122
183803 378209
187314 378344
176572 377799
184315 381549
180258 381098
178521 379136
178652 376722
182813 379256
182055 382084
174288 379021
183240 384856
182610 377686
179253 380851
176897 383312
177566 377050
176091 379433
179841 376162
178771 376947
179014 375348
180700 377129
179060 381063
174633 378708
178107 381645
178345 383068
174574 380598
182801 382720
173148 381690
181335 387551
179068 382289
178848 375190
182048 381135
179040 382004
179283 382894
177244 382295
183560 378808
183136 380401
182171 381303
181680 380847
182297 386614
182195 375171
181246 382817
181997 383933
177758 377917
180093 381569
181740 379894
177706 376519
180002 380317
179407 385189
183926 379137
181494 382124
183461 376818
181969 377297
183191 376421
179701 375456
180364 377071
178014 376971
181226 378732
189722 375801
180309 378436
179856 377547
182714 377774
175055 378509
183568 384044
177320 379717
181795 381504
180875 385076
179788 382133
177732 380180
181320 383549
183556 387372
182159 378589
184415 383111
175609 377000
180061 376078
175730 377442
180363 379804
181713 373999
177572 374727
184057 380226
178498 381739
181971 382669
178900 381266
177602 379194
177669 381435
175411 387385
184809 386701
172261 379039
175921 384042
173724 377420
175753 380679
171171 379572
181904 382592
180128 376190
176740 381638
175886 380119
175832 380618
179119 376675
173606 378122
181286 375270
179716 377663
178918 376840
182063 379106
181093 380642
178910 382559
180097 376646
179578 380882
178020 383221
183515 383376
183802 375363
180229 382326
176753 379144
176291 383976
180794 383003
179163 378819
177428 380591
180417 381649
176254 371881
181077 378176
174965 378252
172241 375622
179342 372910
176895 382333
184842 378553
184341 384122
178064 376791
176943 382693
179316 382145
179000 381662
184381 377172
178899 379329
183812 378903
183913 377371
187968 379397
178800 374779
178497 379354
185299 379909
177665 377151
174259 381431
180274 376728
181582 379377
178852 381537
178891 380560
175690 372026
185448 378114
180637 378786
178268 378086
181271 375870
182639 380128
176685 379141
180712 384097
178475 380201
185220 382742
180503 379640
176443 373901
179649 375329
181420 377778
186643 379300
180125 381826
181807 377555
183797 378401
181609 380966
177250 377957
179491 376084
177920 378049
182235 378083
184871 382662
179931 380691
183335 382051
177797 378333
180504 386710
179442 380287
185155 377621
180930 375928
182428 380553
178921 378613
177997 375546
181248 378647
177412 374619
175694 381717
179045 386020
185057 382835
178759 378859
180698 384348
178122 380728
173516 372370
180001 379545
185356 380783
178952 381664
176363 379119
176867 383380
181152 375935
178671 387605
183110 384566
179128 379136
173405 380247
178610 377115
182251 377297
183246 380564
184063 383508
183165 383230
183394 387046
185989 379574
184852 379784
180555 371452
178494 378879
179115 380371
182222 380341
183821 378344
179217 375871
184783 379185
177708 386695
178528 376930
178776 379886
177907 376148
182751 383939
179408 382415
185855 381090
179981 379848
185902 385243
172316 381049
181144 380103
180896 380520
186120 385454
180828 381640
185626 381409
185985 382388
178038 379494
176235 376517
182714 381428
177423 374638
179503 377766
178194 383148
180319 377846
181886 381038
182252 379548
180429 380916
177006 381033
177322 378156
180924 373408
173093 382522
176286 377873
175049 380401
178963 382947
181534 376748
187478 384700
179987 382331
176624 380047
178566 378728
181449 383937
183231 381726
178548 381530
179985 388472
183750 382120
180708 383773
180254 379866
178953 385566
178784 379579
183346 377204
178319 379780
179851 374586
176731 383630
181909 376465
180788 380965
181396 383017
179915 381510
177653 380941
179730 377253
175939 379421
178929 382820
187296 378327
185288 376641
182744 378076
181385 382827
182614 379397
181232 380824
182946 374805
183813 377950
176770 377476
179396 375956
179914 383685
178245 383096
176856 374754
184023 381188
182112 377173
177120 379190
176671 379811
181351 385514
177822 380948
176211 377556
179217 382538
177329 382489
182687 380704
187294 387784
174621 378937
182648 378820
181336 381852
177336 375636
183041 379009
177191 378020
174048 383704
176448 381869
181828 382095
181298 383024
183171 383147
181552 380258
183986 375944
173660 374077
179037 380023
178851 385119
179817 382596
183375 383634
177861 385430
180798 378553
173958 377402
177105 383178
182973 378041
174487 386371
184474 383250
178469 377848
181669 378992
176280 381270
182387 382482
179996 383676
183966 381466
178271 376634
177675 380061
177609 374927
186245 382437
178957 381696
174912 379953
183000 377387
180079 384014
178875 382996
181634 377924
182806 376082
177985 382958
180351 381950
179018 380015
178172 380621
181504 382344
182281 378871
175667 384456
183511 381442
180471 377635
179254 378373
174977 384232
179187 377874
179780 376641
180328 383666
178620 380866
182929 387226
184959 379653
183933 382401
179271 379866
181061 381466
181286 375127
178034 380589
179964 382397
178135 379795
180217 378890
185091 380591
179409 373367
177689 383676
184356 381512
182761 382008
178339 381894
177669 380669
184462 384909
180099 376489
180586 379824
181105 383522
178011 379755
183443 382367
187441 375647
172133 380311
180626 383471
182989 373251
177483 379007
180284 376085
180539 376813
178103 381676
182234 383654
183842 379725
180706 378437
181169 385788
178272 379556
183537 381551
179715 378877
181393 381736
183715 376526
179060 379974
179386 377152
180286 379426
179294 382099
175987 385764
181525 378730
175441 381222
179037 378466
175546 379836
184116 389167
180270 380598
181515 378273
179169 383070
185018 383412
178722 375084
183642 378350
183647 378955
178338 379036
181358 380466
180400 378277
186688 382033
176856 381167
174989 376848
180983 381281
176934 376164
178137 382409
181048 379432
175895 381855
183389 377213
181333 382593
184498 379581
179014 379673
182887 379434
176462 381758
180762 385748
183553 383175
177950 379888
180276 377675
185169 380781
177519 376613
176489 379374
182952 383259
179926 379717
176519 383405
177174 378150
181095 381486
180774 381116
178888 375483
180724 378430
181785 383340
177688 376189
178989 379417
177705 376705
184237 377342
175956 376696
185104 383100
178198 379840
179994 381177
183028 378556
182333 379841
178920 382526
182810 376230
176269 377240
184369 383648
183670 385698
180059 377290
181277 381510
183097 376387
178964 381966
181725 380591
182173 377027
181176 381719
175508 383529
178939 379398
173751 376548
178789 376361
177502 375843
179696 381223
181193 381187
182625 377797
179547 382327
180127 376660
183204 385000
184101 373715
180688 379207
182724 382643
177692 379808
185014 380656
177904 378190
177573 385941
181702 378722
179793 382176
174983 383309
183407 379272
182198 384778
185210 381918
180932 375412
182229 378740
176359 379179
185880 382595
187499 382992
178794 382073
177803 375227
183163 375516
176410 383875
180486 382639
179574 381254
182614 385126
173774 385189
180390 377609
180828 380215
174399 380796
179498 380328
181990 380837
175966 380207
179051 383324
180622 371414
178347 379816
184975 379710
182433 378769
178170 380270
181049 381786
183570 379460
180785 380136
181761 374985
182034 376697
182337 379059
175817 379046
177860 376429
178884 376174
174948 381423
175567 379981
181131 384445
181135 381831
182924 376625
181156 373135
177575 380196
179950 379280
177734 381518
182742 383150
175222 378892
182718 380740
181575 377888
182445 384024
178170 379980
180623 378387
179870 378548
175222 385243
181533 381752
181400 381463
177650 380825
183921 381822
174418 380928
178700 379890
178764 385262
177743 379021
177900 377136
181528 378854
177237 383446
180218 382481
178656 383553
179594 379286
186111 381086
178286 374120
182800 383255
180120 379674
180100 380186
173983 382587
183228 379463
180489 381404
178628 377604
180118 378338
179655 381670
185793 379913
176500 374724
178224 378130
180831 389238
185863 382137
180814 380758
183514 379064
182380 374513
182274 380654
184072 370719
187246 377819
180467 375468
179083 379237
180592 383437
179041 381528
172691 377873
179633 374846
180531 378376
178842 376154
179314 381283
183909 378548
180261 384484
179905 379621
177909 375012
178238 380073
179681 382225
180405 378480
181229 382067
185171 381585
184290 381639
176214 378594
185555 380154
176884 379266
188131 380409
180630 375483
178613 379804
173608 375615
178741 380277
184877 376818
178695 384157
178574 382441
175848 377888
176288 386125
178170 383402
181139 382799
173478 372826
182110 376228
178479 377638
182544 379223
179986 375872
178600 381921
181590 378514
181597 379639
186404 378914
175885 379311
177780 384095
176131 373854
178197 376795
178402 378358
178604 381606
178517 376633
178386 378187
179250 382138
181354 376272
183522 383648
178846 380961
185779 382371
182760 380229
183857 377247
176900 374657
174219 379904
181034 382355
181089 382388
174623 379192
175301 384716
181113 380694
183278 379060
184289 380760
177096 377772
181912 382354
181942 385092
179899 383262
176674 380449
176507 375369
182342 378231
174681 380736
179067 379666
180444 384394
183456 382425
178864 375375
175597 381551
181101 382214
177724 385281
185621 380831
177255 380553
180541 375097
186459 379197
183333 375634
179947 379529
181515 377699
187598 376707
184429 380429
175799 376935
180584 384047
183367 387345
175146 379995
180913 380979
179784 373817
180912 384803
177454 377783
174223 380652
176609 379027
185929 381674
179590 379687
176991 380110
184642 377116
182906 380708
177272 375044
183399 379998
183511 380926
177553 378879
181707 381196
178828 382667
183955 375380
176009 375022
178708 377921
182596 381607
179748 381063
181823 379064
185495 382375
178652 386406
176535 376258
184940 377832
178617 374104
181007 380521
178160 382317
175039 378335
177004 383130
184150 379686
178687 380636
179525 383143
180949 381945
183721 381365
180482 384536
179183 377042
177304 378268
181843 381116
173396 378216
176284 377854
182328 382499
181413 378544
175962 380839
181698 379593
181485 378777
176255 381064
179773 380893
185066 374297
178439 378777
175739 376180
180502 380402
178229 377565
178866 379842
181297 384074
179827 385337
178794 382392
176737 374645
177406 384357
176763 383059
178086 380606
185567 388204
180467 378596
178263 385470
179596 376478
180776 378828
180873 376398
181008 381871
183449 381490
178913 377842
181123 375685
178044 371317
174121 376412
178191 375305
184484 382528
178879 383278
183231 374023
181903 374692
178111 378304
186051 383586
182762 384219
182854 384912
177123 378465
177954 377726
182044 376952
183794 382113
179917 382398
185414 375727
179596 379520
182271 378555
180011 381896
183459 383945
178966 383671
179901 381524
175230 378206
180956 378593
180284 376333
181670 383831
181069 377280
177883 373661
182100 377608
188254 385391
177972 380593
182948 379141
178173 380460
177127 380935
176449 381023
181819 379615
180105 387198
182763 383606
179399 372146
176283 376635
179373 379835
179767 381541
181937 379298
176172 379473
174172 378395
181451 376003
177544 386456
178448 379228
181740 387488
180058 377205
180522 379243
183745 376256
183371 377645
180011 382839
178319 382210
176225 376868
180999 380575
187315 379346
183311 382935
180711 377651
176528 384548
176123 374734
178324 380747
168166 374056
181320 377849
183932 377009
180350 384908
178966 379385
184278 381453
178647 375328
178168 376796
182928 381386
180017 379677
177994 381878
182714 383912
178480 376955
184711 377417
178010 381236
178122 379432
178012 379842
181127 377326
184127 377428
181156 381521
182442 385153
183970 379307
179594 383446
183000 384610
179606 383334
186641 385435
180823 381211
178275 374748
180318 377440
177682 379282
175180 374950
181106 378461
180736 384084
182068 377751
177328 380371
177454 380630
178448 385651
176820 378890
188511 382882
181175 376243
177935 377034
181342 381162
183888 382039
182143 378729
182899 381154
181520 378035
175234 381330
177597 377550
183352 381126
179374 381046
180820 384590
181755 376685
176770 380350
180601 374628
178625 380262
175338 382002
181244 376767
177331 379088
178410 383707
175765 384786
178093 379816
181390 384814
184970 379998
176422 376892
181092 379782
181655 374683
183301 377730
183984 378444
176503 383987
180194 380720
183892 386821
181724 381573
184427 381555
183847 379681
187412 377936
171715 379705
178951 378712
178929 374993
175498 381170
178352 379316
184497 381274
180188 378381
183038 382460
185170 378634
179082 381028
178705 381973
175835 379189
179123 377016
177740 380525
179307 383320
179287 373076
177697 380128
176380 380082
178806 380982
180046 378813
177168 380781
181114 378368
179544 380758
179176 383530
182883 380003
187293 377334
182680 379943
182032 381569
180015 379151
180410 385268
181839 378796
178251 378488
175280 384656
181357 381075
177781 381462
181245 384321
177374 377676
176036 379019
175562 382292
180889 377582
186181 381370
180634 376403
181551 381758
180455 387080
180728 379561
187480 379482
177529 384979
179498 376998
177870 378602
182258 380123
180807 381991
178965 376470
182347 377190
176820 380640
180378 379443
180634 374790
184977 375075
181703 374720
180105 380073
175757 381001
175349 381634
181868 376845
177786 373452
179237 381787
177251 379460
180574 380002
180721 378794
185517 379571
185749 386559
183357 379852
183428 381950
176301 372798
184034 375724
177022 377243
174942 379956
190013 382139
181008 387998
177904 374261
180025 374565
180218 379137
173454 376610
177737 376506
181674 383166
180112 378669
174741 380948
178446 380485
179525 374916
180257 382435
174691 378663
180807 377997
184835 380002
174963 380734
181388 383615
184249 380746
181203 374694
181863 382811
178498 378130
179414 385747
176380 381557
179616 382020
178252 378752
177919 377139
184577 378161
179630 375883
181992 377608
181187 383838
176791 377797
174024 379215
175466 384447
180873 378518
179047 379271
182402 382415
178799 380507
175819 381037
180305 378840
183482 379792
180839 385181
179412 386302
178669 379759
184010 377965
182891 380003
178641 378047
175742 377313
177111 373499
181054 375228
176545 379562
178776 377842
179613 384122
177914 373967
178025 376880
179284 381510
178258 381301
175755 378190
182329 377076
177092 372248
183273 378830
178914 381369
179026 379522
184097 376102
180826 383090
178728 382192
177385 379140
178364 380095
181265 380358
182679 380829
180152 382444
178441 378710
181061 385106
182123 376610
178667 378854
184564 377936
178848 377790
182841 375086
183062 383974
180179 380258
179732 379574
182758 380578
174296 377193
180107 378847
180219 382845
181156 379906
177202 381328
175541 381616
171657 382401
181724 378489
183409 377996
178595 381053
187524 377786
177973 383496
175853 376208
179539 383389
180335 385151
182158 376162
180383 383758
177585 381391
175184 379882
178145 379066
175687 378984
182288 383007
179672 377932
174140 377495
181156 389839
177083 384716
184270 383848
180165 383031
180725 379993
177510 374278
181654 379564
180205 382416
180684 382181
178987 384947
182035 384049
172287 380657
180524 378316
183315 379442
179397 381546
181828 378701
178117 378412
180546 384631
178153 379394
183621 375387
181486 373249
184351 381207
179868 378479
179812 378731
180991 379660
184580 380575
172442 376038
174698 379390
184006 373492
185988 377660
179352 378695
184281 381301
186863 381560
180600 384046
178559 385149
178491 381249
179190 377318
182526 381930
179460 383888
186443 384194
178926 380215
177736 375194
181722 376117
180744 378922
181463 381784
173379 377483
179526 375016
174202 383577
180586 378635
182419 383390
183730 381748
182381 376131
181531 380327
182452 382365
179821 377824
179878 377803
183227 381331
183438 377078
178511 377706
174317 383603
172742 378192
174869 380917
176837 378146
181414 375284
177547 378249
179730 378206
181168 380749
175616 377979
177311 382910
177630 373295
177465 380970
178611 378186
182489 383284
178395 380054
182196 385354
181076 378822
180607 379062
183083 381804
186768 383991
184640 376663
174991 371161
181676 379568
176057 380389
173641 384157
176171 378797
173100 379599
176423 381752
184283 378482
178493 376659
188477 380124
181236 374534
183175 381908
179538 376693
179116 375017
177523 379936
180509 381556
175311 378793
177312 381402
176619 382035
180532 382199
184794 379825
186823 381517
174448 377707
181097 384860
177932 377528
176580 376032
180327 378062
178508 377666
180162 375993
182430 376225
177042 385145
179517 380163
174623 376556
178788 383236
183127 377297
174480 384275
181236 379206
175725 377154
180693 384223
178576 378103
179119 379940
174928 381781
177119 380626
179390 377928
180227 373395
179395 377479
177972 381945
184201 383807
179385 380711
177546 382672
177601 380776
179761 384546
182938 385011
178657 378030
182756 380339
180716 381964
178219 383860
177416 380206
180561 378436
179673 379873
177138 375520
177488 378074
181705 377466
181650 380739
179015 379133
182612 383866
178893 380507
179635 376397
183905 381773
178293 376698
173540 380006
175924 387286
180920 378715
179318 380566
188701 384475
175525 376359
179229 383870
180127 378752
175656 382186
183413 378662
182353 385681
184879 384242
182174 378059
168773 384633
176942 378815
180986 382637
177423 380302
180896 380074
179791 386369
178269 374986
180215 375247
181622 382717
183615 373554
177173 382303
178192 383932
177721 375095
182681 380166
184973 378613
183338 383268
184241 378432
180788 382608
177465 377342
182150 383605
185459 381719
181600 376429
182938 376672
175119 379690
181806 373957
179513 382833
181750 384821
184038 382485
177978 376187
184762 381233
177017 386742
180129 383970
180971 381814
183374 383088
178978 384125
177041 380308
184480 380113
181147 379266
173948 379903
181012 379370
174622 377058
182501 377325
184387 382351
179422 378164
177127 376751
183880 376073
178385 375517
177412 381902
176010 378456
175359 381484
180872 383911
178951 379056
182493 382532
179821 389094
179337 378878
174556 380864
177548 378794
180330 383547
178646 378605
184032 379091
174209 381507
179427 379874
180362 377882
177716 372954
180354 375606
185253 378824
176678 382148
178890 382088
175512 381270
182302 383464
176186 378991
177286 380929
184500 380255
182604 381674
177609 379177
183215 383571
177916 374878
180335 387465
185801 379730
187138 376837
178599 376257
179905 379861
183286 384425
181921 377224
179263 381245
179338 377336
177521 382756
172815 377546
179505 377441
176212 386469
179279 380807
187805 384897
180107 383023
184774 381139
176488 383907
184034 380044
174708 381189
179115 375023
180919 376247
181961 382604
179607 378847
176578 378367
176149 380824
177716 371500
176777 378544
178169 376419
176994 381186
183928 380489
180854 375265
180896 379777
177347 379024
180875 381737
181021 378133
177040 375458
176240 379386
173881 380965
182760 381412
176799 381758
180148 377067
180263 377346
180288 377923
177982 381740
179284 380821
179029 381007
184268 383628
176344 381767
179349 379387
183372 380846
181332 387144
176559 384192
182508 378840
171456 373279
178442 378610
184958 380918
181576 373872
182503 384350
179706 384436
178798 379843
182201 378986
187327 383097
179151 382215
184544 380051
178295 378079
178640 380674
182058 386063
177147 375137
182980 385704
174677 373690
172345 376601
179497 381757
181040 383595
184033 377686
180378 379460
183018 377734
180761 375227
182149 383805
176936 378179
179758 380072
178110 386459
179251 381000
187263 380644
175560 381822
180108 380767
178985 376103
181200 382430
185669 380593
182885 380008
177923 382190
175466 380162
182682 378544
176863 375887
177738 381823
181472 382625
175186 380158
184921 380781
180325 379750
179260 379554
182555 379595
182549 384766
179212 383573
183486 379175
181162 382444
183479 378524
180833 377828
179396 379555
185530 381205
177523 377973
182002 375672
186395 383158
178693 378466
182007 380273
181011 381941
178899 380152
179989 380070
181954 381320
187363 382463
182803 378466
179228 381030
173760 381285
180788 381189
180825 375291
177497 383360
183192 377046
181236 386244
181856 378104
178463 379155
177837 383211
178522 375579
176488 381108
178348 382150
182298 381922
172868 376999
174397 380872
180084 376926
181039 381044
177000 377964
181696 380765
183981 377831
182162 381516
175056 377958
177690 377089
177300 372787
178929 381373
177877 385258
177339 377986
186040 385131
178947 379314
179518 377396
180906 380351
174522 378168
176390 381824
181486 377445
181111 380518
176329 380538
183560 380756
179789 380880
180448 378712
180346 375381
178261 380890
174209 376446
179586 383463
175051 378536
179479 382662
180656 385491
180626 378995
175616 377668
181159 383614
176172 380614
180796 380197
181907 380638
185055 378180
173515 382655
182622 378815
179487 383442
179762 378447
178222 384403
180740 381009
179182 370156
178043 379230
178297 383794
181949 379192
181555 378108
183480 381760
181148 384721
179539 382288
176400 379996
180995 381721
179030 381534
180700 379503
182766 381528
178441 379803
178475 382055
179180 381872
180672 375576
186441 378923
177240 375852
184237 380726
179319 372765
182839 379913
180189 383348
178311 381204
179180 384359
183032 380257
184006 378708
183039 374531
178217 388114
175924 380507
181268 383480
181670 381851
172055 377987
180077 379002
186627 372719
179404 376774
177963 378462
176813 377601
174273 381717
178452 381282
180953 378503
176889 375961
180802 382540
182492 379996
178124 380864
181556 381244
181788 379803
179865 382240
186187 381336
175977 379744
180870 376737
177069 379832
177718 382657
181394 378853
183456 381608
180538 382052
184126 390892
177059 377445
181069 379465
178321 378479
177605 374937
171678 379746
182404 381264
185929 379452
181580 380017
184352 380113
180187 379068
176109 376925
177241 377461
177462 376861
183486 382548
178481 379767
180289 381061
175784 377373
179421 373126
174859 379642
177779 381748
182402 383838
185406 374809
181535 381088
180307 380530
183394 380485
182302 379882
172256 385344
174335 375790
177365 380370
177237 381114
174940 373274
177855 381166
177055 384293
183479 379445
178071 378891
175965 375015
178684 380822
177834 383045
180829 376127
179269 375675
175302 377641
181835 380486
178849 383411
178103 381579
177306 379472
182510 377597
179656 380157
175090 381204
186865 378415
178919 380616
180857 380936
181122 384286
175868 384483
183862 374524
180794 383523
180454 378002
184271 376298
180503 378142
174554 377953
179949 380978
183690 379690
183835 376129
180837 378988
174645 373463
183467 385325
179819 377957
180607 382249
184052 382505
181274 378068
168229 374018
174739 374655
177382 382277
175917 379215
180485 383393
180481 378576
177808 370570
183698 376956
177508 382254
178907 380545
177890 385675
177165 380807
180173 374375
175591 387371
179013 383277
182626 375669
182573 380953
173846 379245
181286 377744
178552 374149
181425 377163
180544 380918
179000 378151
179958 377299
181922 380347
182296 388428
177629 380536
175803 382001
178675 378164
183226 375422
181084 376562
181246 381831
178601 380012
177579 379610
186568 383366
179667 386515
179895 383019
179134 378860
180220 380970
178990 382860
176698 379891
181559 384792
184553 384344
180585 381944
177647 374868
180178 376254
183226 377148
185639 383860
175556 379474
180361 386018
178630 379484
181722 380139
180534 379348
178139 383854
174285 382744
176160 380203
178082 378234
179134 378732
183718 379230
178120 381955
181176 383308
182864 385462
180733 383340
180268 376635
178069 382972
182660 380664
185150 378284
181504 379518
180972 379643
180744 380081
183270 380773
178954 379469
178380 378439
181682 384046
179031 384456
182820 381997
175371 379757
184194 384894
177690 378609
180754 379127
178520 380031
182257 383360
175517 379231
176625 381391
185162 380201
176916 380393
177792 373555
180197 384414
177474 382914
180464 376711
183719 372585
180217 385235
185459 380732
175416 382480
179100 381776
177236 381025
181165 383809
176010 381099
174436 374079
178756 382014
174260 378355
177160 380326
178269 380518
174718 380552
181783 378424
180966 378299
178017 376422
175597 383011
179129 380208
179469 381373
173129 382569
184134 376776
181377 376567
174455 378891
186255 382799
179514 377217
175341 377169
177072 381388
180831 381072
175447 381298
178503 382029
179679 383254
178656 374401
180644 380520
177748 380934
179208 374567
180603 380354
172979 382657
173934 374608
176626 379796
180253 378213
180641 382289
177688 376238
184150 376858
183583 384432
179440 381461
190516 385362
178845 382613
183110 382247
179801 380358
174546 375296
185945 380573
176637 380313
180233 381617
186074 377737
182032 380491
181173 385523
179540 378219
180775 380411
185977 381157
178542 376967
179299 381069
178559 380522
178697 372390
179455 386917
181957 384523
180279 383838
177594 382458
185224 379445
177250 375952
178955 378417
180253 381607
174680 385480
176809 376528
175909 385467
171575 375846
186745 383203
177690 379540
182657 374124
180054 387870
176856 375889
179872 377761
181280 378709
176386 378457
183789 381049
183785 381415
179692 386552
181943 384668
176146 382645
181808 378112
179594 383340
185087 379883
176973 378789
186361 382354
180064 376245
181409 372573
184584 379157
183488 377695
177230 382408
177106 378884
177107 384240
183399 378689
179571 381928
178594 381402
180261 381260
183275 377278
179498 380139
180978 379700
172678 377452
177889 378829
176627 378142
177979 378822
177590 377048
178665 376028
227959 343760
229086 349496
233164 347898
228140 357334
234925 350736
225695 350751
236009 351845
230562 349702
223149 343560
232235 356804
222963 350426
231079 347609
237119 349997
229475 354962
231540 350642
232128 350775
228814 348819
232595 345461
228815 347649
232778 347551
226844 349909
230223 350512
229081 349335
227539 352054
230280 348934
225340 350272
224815 346751
225404 346449
227460 348822
232664 352861
230158 350627
233946 351331
233121 348078
228479 347684
225697 351372
230088 351410
228900 345718
233871 345668
227680 352965
234995 350413
230804 349576
231469 351339
227739 349437
226788 350348
229443 351417
230067 344922
225380 349584
230349 349916
227569 351027
231332 351094
233087 346397
224020 349817
227705 346626
229143 348800
222880 349620
221797 352186
224645 350927
232832 351122
235118 346034
227983 350148
228572 353548
230562 343400
232576 351712
232782 342538
237925 349833
231495 351403
226307 344264
237332 353123
226844 350324
227771 352793
232869 351819
230555 348653
230216 351046
230019 349939
225764 343634
225935 350658
224698 350533
232390 351574
227167 350072
224515 349079
231507 341698
229197 354791
225879 346679
230918 347825
231390 352762
231592 348377
228071 346663
228881 351906
228634 349064
230520 346523
231614 355347
235195 349555
228055 347370
228012 345540
229442 348919
233672 355254
228740 351850
232936 347060
227674 349132
227293 352439
235734 355476
232721 349864
231796 347607
230021 350910
228103 346251
233716 353145
233577 347387
224428 347487
226358 343371
228835 346888
234693 351281
231237 353894
234135 353903
228175 344743
231509 349029
228035 349776
224070 349361
230973 350780
230123 350579
227591 348121
228261 349072
227535 347573
231646 348010
226709 352605
231872 346385
229078 348773
229253 346205
227227 351751
227354 346309
227872 344443
227092 345649
227766 351493
227970 356516
225194 347704
224481 352044
220106 354086
231726 353998
226918 354770
230699 348182
228753 353148
232649 349496
231200 345447
234679 349347
230753 351191
231704 355944
228802 352705
227108 350505
224548 352551
225664 347947
235568 346433
225895 347427
231619 346432
230216 353113
232180 349792
229292 346185
229134 349261
231992 347539
228998 348911
230764 354558
234481 355141
231958 347855
228119 348634
229127 351247
234480 350807
224357 347828
231006 353317
234891 346024
230036 358017
230629 348937
233055 351568
237298 348508
233021 347091
228211 353389
230018 350123
227831 350510
230034 350399
222287 351420
226818 355155
231770 352271
231512 352314
225791 353477
231619 352990
230635 346445
233304 349499
230632 344950
227019 351532
227164 355702
226087 354580
230754 352973
232674 347316
228655 347546
228977 350463
228265 349412
223042 352035
226006 353736
228683 349078
231034 349878
227331 353179
226160 351156
226502 344364
232519 347699
230877 347721
230454 345873
232468 349676
232711 350685
228022 354188
224552 351677
225390 353198
232849 347913
231489 351162
225593 354706
228689 347831
229797 352098
230373 354044
229807 346709
227372 351273
233490 347496
228419 348348
226998 347604
223798 347800
225966 348625
238717 348238
228111 347834
234691 352045
228353 355091
233232 345472
228121 348956
227752 350850
231121 351636
230505 353048
232196 350633
228404 344360
231766 352278
227787 352605
232608 348532
232098 349211
230939 348260
226657 349149
224782 346536
228102 353548
230393 346223
225140 348315
231623 354324
235099 351722
228513 348713
229541 348613
226746 350893
229815 352822
227211 351980
233269 355789
232435 347069
230737 349507
229108 343534
235156 351802
223176 351628
231114 350369
232124 344906
230144 343527
234182 356148
227524 345822
230192 352965
234316 349892
227168 349470
233985 348478
224412 351231
229276 349433
234516 347090
231741 349191
229984 349944
230815 349665
227134 351113
225267 350791
223401 341429
231914 347710
223924 349034
231247 351617
224273 351582
231589 351857
230870 348890
230525 354593
228794 347333
233973 345768
232669 351605
226092 352643
228352 352889
231313 351775
228801 352633
233398 350837
226018 354528
231659 354422
232291 350520
231092 352571
230782 353571
225710 354290
235262 350110
229557 353913
225996 353040
226870 352755
225428 353319
227044 349367
231933 352142
228956 353328
230603 348669
232556 346226
227890 351862
232395 350872
229412 351357
229063 349865
231044 347441
229450 351464
228169 352753
235377 351455
230153 349344
230069 349879
228722 349155
225354 345190
233958 351230
226956 353037
230359 350220
230179 348241
233630 352448
229200 353724
227412 351172
228212 351374
230434 350741
229397 348132
225346 349951
233270 353878
228485 349672
237976 353020
229953 349805
229195 351777
230271 348078
230700 346325
231732 342510
238307 353134
223856 350477
226799 351971
227837 351581
230974 344504
228812 350206
231779 356266
225603 352489
233652 349891
230838 348611
231043 348955
226110 350423
228117 350395
230519 347237
227579 348328
232579 349367
227991 353249
227506 352953
231478 351100
227168 345749
233067 351062
225213 351986
227683 349161
236433 346531
227314 347323
228525 352315
230878 349872
231126 351318
239261 351906
234426 352809
228397 352851
232101 351599
234495 352190
229844 351140
222322 345630
229029 352821
225892 352886
231849 351220
229657 349212
233317 348545
226791 344756
233648 350458
226325 351543
234785 353500
230568 349662
233773 348859
225487 354962
232731 355659
228121 357338
225134 346564
233991 346360
231299 350642
229500 351174
230722 352227
228469 348299
225694 348944
223322 348362
224572 343256
228515 347265
232125 350424
229668 348659
230425 352691
228563 351724
230989 351040
232575 352209
227643 356229
225992 348807
231719 358553
227963 355642
222998 353279
230779 343883
231891 348412
232224 346078
231172 350753
229749 346645
230390 348655
236120 355262
230146 346150
228888 344078
234401 348088
233659 349559
235401 352692
233053 350677
231766 349068
234396 351178
229476 346366
229081 350855
227452 353007
235484 350485
237427 354473
233217 349275
228136 353023
226195 345384
227148 349857
230181 351811
225932 346296
225095 344864
225233 347663
231422 349327
223549 353624
231556 346991
231338 353419
226661 348850
227008 347753
228169 348713
227984 356520
232678 348330
229546 354718
227307 350000
231595 348578
233099 352531
224543 349831
233807 350111
226744 351191
223850 347887
230237 356685
233576 350669
233870 352925
228757 353075
232181 347281
229608 354594
229393 353038
233638 348014
230755 351068
233041 347427
231549 354026
227961 349712
231742 353037
229512 350138
226126 350456
230646 348510
229977 348553
228342 349243
230374 357670
227320 352471
236017 352369
224955 351225
225129 357059
233324 351771
227573 351818
227978 347867
227982 349739
232837 347018
230375 351755
231572 348051
224118 353706
224365 352516
230692 349861
224053 348279
236009 346276
231013 352778
234132 353113
224395 349126
231683 356788
231550 352025
233621 352256
228899 349963
225674 351986
227730 347436
228336 349531
228976 346766
229326 346059
230803 344298
236649 355667
227355 343342
227889 357199
235545 352959
237801 344127
227682 349484
223947 352179
231568 347991
227773 352281
229756 346710
229684 350277
231020 354896
225862 350764
230750 353973
228680 350074
225289 347388
229551 351571
226692 349838
239057 357608
230159 347437
229688 350280
229272 345328
229628 355082
233849 352463
225615 354020
227572 348960
233203 351738
231487 354243
229389 349016
234280 352219
229684 345546
233001 349378
229990 349623
235661 348363
232621 345300
232061 351111
227294 350485
228607 351819
231217 353169
230914 347340
225489 350374
230875 350544
231118 353880
224414 352351
226359 347170
234621 344751
228279 347273
226422 352754
228860 349863
233948 349754
231356 347943
222884 347322
228257 351283
224968 351882
228067 351400
223992 349966
232115 353890
233251 349758
232673 350216
233161 347234
233935 351025
227424 349278
228390 346630
225617 351309
223783 350228
227042 356191
225848 351211
230169 351646
228814 349326
231379 346701
227047 345972
231075 351172
230618 354888
224815 350670
223805 352380
222620 347720
227929 350779
230265 349196
231617 347669
226855 352027
228657 348983
222819 339160
235636 356651
227511 348811
231186 351324
224930 348063
228442 350337
233035 349481
226168 349423
231577 348789
226265 346154
232047 348761
231561 351082
229609 349348
235673 355594
224919 359231
231695 347791
235631 347818
230983 346785
232239 347154
229413 349589
232788 351366
224319 349919
226421 345530
226553 354456
226378 352654
237569 347654
235472 349801
228040 348276
231397 349947
224770 347464
227768 347526
229076 350478
230966 349144
233807 350374
231952 349089
229937 349538
233929 351066
229418 347884
232071 354567
236433 352547
226300 340960
229112 347826
226903 351716
225040 352448
233131 345825
228541 355412
224619 349337
226762 344948
233116 348975
232045 348162
230356 354977
224987 342605
228354 347296
226957 350913
234233 352761
227905 344678
232692 354574
235361 346103
234229 347647
231966 349106
225922 352244
237349 352468
225821 349598
227830 352543
229948 348285
232361 355183
230865 350376
227460 343952
226855 346841
225251 346424
228794 346325
229089 351988
229556 346155
228795 349879
231592 349777
229556 347521
228145 350157
229124 347702
235185 356333
230206 345269
233356 351170
228798 348307
227782 349119
234406 344996
231935 352842
228092 350489
234351 353882
229253 351880
229790 347476
229841 346140
229509 348344
230897 351724
225475 346071
231736 349403
222231 342346
229946 346897
226446 351134
231446 352714
226806 354057
232745 351596
227778 350914
227019 346624
230861 343860
228848 353014
228335 351526
228245 351226
232679 352326
228442 348466
229642 353497
228115 352832
229442 349036
227507 347813
231631 350004
230837 352189
232679 353886
230801 353193
231034 344148
230603 350987
234893 340833
229599 344929
228863 347223
230885 350228
228733 349692
225813 349195
228117 353075
228237 350193
231484 352923
231683 349929
229342 347057
230737 346341
227183 353493
229690 348660
229034 351426
232190 350198
232732 348625
228264 351275
223896 346739
230192 352915
233696 354392
233524 356080
231983 352325
233138 353257
227055 352186
226025 346430
231452 349782
229513 351270
226250 346029
232232 349520
234365 345980
230825 349257
230886 350806
230393 351097
227763 351927
230065 353092
232705 349592
226386 352663
233016 353558
233972 349904
229727 350321
229637 352825
234335 350226
231498 347863
231406 348541
229526 347928
227419 346331
228573 353737
231321 343572
227098 349420
229903 350398
227672 350416
225760 348904
235155 345711
232750 348563
229348 346701
233628 352526
230263 348789
231493 351646
231358 349936
230955 348337
230042 347690
229965 345634
227713 347257
233726 348449
229057 349559
229868 351290
226606 350385
230099 352706
234744 350626
226482 352868
232281 349655
225368 348624
231695 352734
234864 351501
230392 350475
226347 348216
235436 350062
226680 346902
227872 349181
231385 350752
231186 355137
229757 348585
230800 348752
231383 350849
229466 350407
230840 350115
228828 350221
228355 343387
228384 353973
230250 351970
226806 348361
227791 347719
229619 347790
231131 344829
229353 349154
229992 353754
228008 344881
225189 344028
228091 349733
228127 345571
234523 349549
233239 347960
231612 351520
233867 349030
230259 350409
228201 351143
232714 351545
227855 351308
227531 348830
231715 342401
228161 350610
226705 346747
227511 351425
227985 345625
225663 352788
227653 346930
231667 348103
236846 351937
228143 357194
231893 347215
235629 356193
229950 351538
228800 347070
230664 352471
230657 350764
227399 348261
230360 348661
228126 343358
226530 349147
230375 351707
232843 351117
231890 349145
230006 353352
232222 348975
233413 352279
229555 346313
228963 349289
232250 351126
229974 352267
235909 350713
225902 350670
225277 353480
226639 353579
230439 348272
229816 350720
229247 354793
232960 350821
229518 350051
231632 354628
235146 353321
233662 348299
228458 349858
237020 347165
233074 349525
230732 352901
226633 345610
235385 353753
229647 348756
229640 347770
230093 347698
230715 343370
236997 350403
234277 346803
229746 344691
235026 350487
228888 348040
226627 348406
228559 350247
228080 350325
229606 348859
229783 349081
232613 349010
227771 348970
233163 347373
229031 345789
231619 346621
235814 352242
230430 350060
231586 352990
227806 353493
230734 347670
227506 346426
229457 344091
227762 349112
230286 352204
227214 354435
232710 350510
230834 348621
225944 350287
223804 346795
225241 349809
227047 349450
229965 346100
231212 349063
226174 351073
224331 353916
228424 351574
224595 355571
229242 347742
226343 350217
231406 349616
227979 350262
230210 346634
226949 349369
235486 349556
230272 348853
229124 348766
225805 348768
231076 350135
226539 353731
226307 348438
227763 349760
227896 344608
228033 350389
235251 350779
232050 348169
234289 351594
221528 348251
229125 349058
229526 346399
228979 352658
235213 347619
228364 350176
227438 350118
231006 352361
226063 351932
235146 346250
233193 354380
237370 352541
231753 347188
230647 346951
233917 349103
230428 348357
229938 353032
227015 352907
227552 350420
229883 353218
232093 350555
233094 354483
227929 353627
228505 345859
227204 352352
226052 350763
230925 349401
229056 352551
234225 349006
228636 348083
232764 352059
228382 349505
231428 350444
233891 353999
229413 348382
230688 350829
221673 351583
228509 346184
230632 350387
230349 349501
235256 351964
231077 350932
229995 350091
231651 347581
225912 352497
228521 354549
231570 351706
229263 352586
222430 349395
232287 348988
225673 350136
226007 344715
231346 355355
229232 352851
227535 343987
225005 345370
228032 351614
223083 348802
231122 350016
229762 344935
225871 349982
229376 350506
239288 352927
230706 345437
231260 353336
235092 347169
231221 350313
230031 354765
230229 354206
231009 351322
233386 353680
230951 346469
233707 352964
229654 352840
232616 347023
228356 350273
232698 359263
226284 352655
228563 353773
228400 351750
235704 346927
226797 343705
226078 349355
230843 346888
226181 345073
226679 349232
231482 351508
230895 357178
234241 348978
231204 350405
234539 358660
232529 346989
235150 351311
230408 349202
223407 353486
227954 350147
229204 353921
230602 351356
228522 352237
231678 344906
230774 347770
236155 346452
225962 344840
230024 352870
228851 353170
234006 349969
231701 347054
232551 353541
229647 355706
232887 352502
234821 347895
227811 348367
227146 351927
230223 350218
227823 353012
233892 347300
229132 354747
226510 348745
230257 347788
227515 346055
225372 352230
231255 349068
228216 348959
231196 348932
233701 347099
229855 347757
227992 349424
231048 356931
232790 349094
231324 352645
229872 347023
229778 352725
226791 352498
229577 352209
229871 351156
231906 344448
232474 349802
230679 351960
227439 344051
225619 348244
230287 353797
229323 350039
230477 354315
222552 348191
231961 354094
230982 350601
229713 352105
228745 345338
231881 345533
230696 351606
227734 348645
230037 344261
226980 348272
227539 348635
234834 347794
224092 345486
226139 350312
238381 351894
230300 347505
231253 354290
234293 348896
223862 343154
235567 350629
233353 352895
226690 343699
229140 355821
231381 349224
227262 347137
227976 350690
228358 348138
229530 352941
227942 353972
231896 351566
230298 350012
234368 345077
227613 347358
233060 350375
231704 343883
232034 346887
229712 350442
229739 346098
225778 347151
233710 351319
229399 350536
231251 350498
232355 357916
229207 352031
230523 347914
228623 350015
233702 354022
227125 355404
234116 352566
233293 347881
234665 352624
230907 351879
234573 352110
229810 349812
229499 349264
228657 350171
231438 348260
228688 351739
229815 349822
229199 354110
229326 352279
223274 350040
229255 354115
224598 352192
231019 351172
232340 347369
227795 353972
232187 349821
231353 349029
230039 350099
235553 353917
232440 350617
229902 346414
232218 349338
232055 347669
235326 349677
225605 345623
232305 351350
230644 348980
227141 346933
224756 347647
227183 353716
229697 346209
231292 351658
232131 350745
228996 346144
229269 350053
232135 347302
232629 352893
233802 352115
223998 349032
226182 346506
230905 348455
233324 348765
227167 350804
229083 353829
228558 352243
229787 348578
228568 343932
232395 347924
225098 350619
236392 347300
225688 349553
233190 354952
233660 355480
229473 350501
230569 355625
228581 351651
232483 352479
231013 351853
230730 348522
232719 350889
229732 351602
233799 354110
229926 341902
232193 347532
230243 354387
231629 352214
230573 350743
231862 351830
228673 353590
233789 347405
228932 351187
231163 344198
226408 350056
234366 350739
232676 354232
229052 347593
227197 351436
228806 352888
231208 347897
231357 351116
232135 350367
228256 349279
230132 348445
229470 347863
228052 346130
232646 348807
231139 347188
228926 349747
228739 354798
229911 349059
227802 352837
227173 351253
229778 354227
228753 349855
229078 349595
231415 349665
235547 346724
227420 356137
235918 346102
230426 349652
227861 348633
232054 350437
231240 345621
228288 352278
230400 349904
225467 348826
221901 353664
230962 352219
226574 355065
232007 354337
231907 348469
233220 349517
232043 354129
232439 348931
229121 349676
237086 349296
230847 351398
231264 353510
234173 348501
226701 348091
239587 353960
226154 354996
234512 353448
234223 346103
227889 349574
223766 350366
227110 349940
230506 348386
231470 344622
230999 353897
228511 353191
229816 352257
235660 349377
231358 346000
229333 351769
230059 347296
233026 349548
228996 353832
232646 353290
227460 348710
227752 350928
227468 347661
224256 346958
234519 349829
233919 346343
227834 355725
231667 351752
234284 348030
227296 349708
226906 352713
228690 349322
233087 349586
230905 352538
229494 354595
233483 353082
226532 350081
226684 351338
230060 350079
231179 348707
230992 348027
227015 347231
228706 347206
229195 349954
230600 345062
230481 349645
230695 345308
227641 348920
231777 347282
233319 350791
229371 352999
228911 344605
231596 347804
227385 347382
235498 349100
227509 349141
230071 347084
227523 348946
228580 352983
229507 350404
233233 348753
228703 350831
229898 351701
229491 344359
233795 349829
223642 355615
231786 350359
230246 350575
225390 354499
230091 346218
229768 352661
229914 349024
231950 350975
230047 351901
232184 349565
235436 348542
232199 352240
229618 349575
227762 350118
235824 352459
228793 352715
233317 349551
232705 347208
232138 351555
231233 354247
228202 347869
232433 351815
229637 354414
230062 349777
229897 351030
228569 349510
226234 346714
228677 347348
233914 346519
236338 350105
229874 355660
232002 350936
231370 355260
224769 346651
230595 348488
227116 355169
224967 345221
227783 345676
235317 356814
230288 353127
226603 350400
232265 350427
231555 353666
229021 351948
231769 352543
229101 354429
225969 353643
226022 350356
229568 345711
226969 354009
228342 346683
230168 342172
230458 351242
225049 349974
230990 348248
229706 350440
232037 354562
232705 351356
225836 348679
232007 350530
230498 344830
234114 345727
230596 346696
227664 346166
223529 356299
226778 351474
226180 352727
230489 349139
225741 347271
225576 352066
230449 351333
236027 349268
227256 344085
224952 356066
222663 355623
227199 346352
231711 354097
229453 349018
230069 348058
232144 346947
234630 349024
223904 349914
228637 345349
227690 350130
227850 344951
221861 348646
225870 346575
233798 354329
232173 348007
230288 349320
232256 351571
225660 348913
229507 348134
228822 344326
232370 348997
234685 354059
227236 351041
233432 346695
230178 353025
234045 349969
233116 352639
227050 350183
236056 343306
225449 346190
230679 355092
235002 349902
225241 347599
228943 350752
228776 351685
230506 347763
231844 351147
229100 345922
231387 347989
236878 348719
234916 351085
235473 356578
231730 352050
227818 346914
231173 344836
232147 347749
233269 355028
232397 351881
228099 346388
225916 353785
225696 346909
228268 349712
231602 347952
234894 350449
229701 347813
232920 347956
226126 347276
234233 356824
230243 343713
233931 353612
232015 348744
227957 351530
226921 352947
222701 344655
229637 352294
229528 349151
228750 346632
232892 350189
229961 349707
232179 351187
232406 351511
230857 349125
227199 352075
231815 351150
228653 353874
225415 354021
233080 348764
237735 349903
227474 353114
230051 356384
233897 354472
223259 349323
223916 350058
229220 354986
233313 346799
240713 350297
240158 348524
233215 354717
232027 346268
228190 348179
224364 349627
229691 351008
230564 348807
230309 346833
235240 349482
230352 349010
235065 346778
232435 346033
232554 350897
225557 351741
232511 351930
232077 350207
227790 347808
231210 344902
231435 346968
231744 348220
232286 349292
233699 351135
230255 350720
231717 352747
230034 351075
233118 345903
228111 352255
233330 346922
226157 348097
232797 347922
229562 351901
230976 344500
228917 351701
229599 347554
231001 347302
232745 345972
232800 347544
231113 346108
233967 347411
231183 353679
233858 349645
236001 347116
226272 353200
226433 351408
233950 351450
229521 348090
231509 352122
234949 348315
227980 347181
226924 347641
230286 348455
230596 351578
231653 352872
231596 343736
225492 347966
229357 345260
229239 353586
222591 354189
225841 347416
232441 352860
226520 351279
230768 351193
224437 352241
230932 352359
232788 350927
233611 347969
228624 354546
226900 346464
232480 349914
229858 348843
230182 353134
233886 354096
235775 354629
227233 354136
228453 345369
230268 351161
232123 350240
234244 348438
231795 350752
228645 348871
233170 346416
231839 347646
229488 346907
231878 347354
230638 349641
235766 351196
229207 346824
234007 345511
233752 347050
228314 351736
232151 352926
232841 345799
235178 351612
225900 348155
227451 346800
230509 350931
222517 344865
225173 345169
224282 348211
232213 342906
228007 347230
239493 346711
232566 344625
232576 347447
229494 350056
229011 348886
232577 357150
233731 349808
234615 347639
234349 352639
233455 352267
229922 346996
229917 349596
227220 345997
229575 348759
231241 349085
225600 356155
228709 351981
228711 346127
230296 345457
228966 347622
228978 350955
225861 355457
226336 347676
225906 349023
230975 345080
231367 353915
224077 351250
226447 352398
228832 352177
231718 343592
230661 353585
232721 350053
225722 347625
227925 348333
225728 352986
230283 356008
227424 352931
232411 355933
224658 347749
230255 345214
223162 348073
227125 346303
229751 346477
231259 348931
231050 345378
224441 346583
231494 349791
232528 350596
227475 347246
233213 349475
228222 349719
227319 348594
230591 352259
232077 347347
231462 351571
230942 354818
231871 355439
229018 348250
232170 351791
231968 347113
225066 350981
228169 344556
232985 344870
228857 346989
228052 344032
229188 351493
232936 350516
226027 352712
232469 351213
232530 352299
231612 347056
227941 352523
226430 349556
232879 348218
231297 353711
230386 352385
230572 349467
231290 350999
231157 348932
233786 347714
232096 350869
230277 349174
233096 349083
235998 351739
230797 348579
233126 349284
226550 354899
233634 343215
228205 347410
228934 345897
232163 356625
228712 349064
223107 354464
223722 349934
225620 349756
231727 346468
228425 346465
228949 349672
226599 347699
235940 357099
229235 346328
227449 354123
230817 351418
225030 348431
228349 346580
230313 347678
236608 348526
230945 345847
230991 354897
232462 347683
233288 346499
228307 349884
231129 350176
224641 345111
231501 348657
226420 350407
229488 353997
230652 348961
227326 352633
234037 345310
228370 348559
228002 350341
232145 342605
234170 351124
230561 348094
226671 346169
233295 354027
227615 350688
223595 346989
226857 348527
234875 345952
236513 347338
230682 354365
230292 356340
224371 351825
224319 347113
232372 351318
229210 348214
227532 347535
228349 352945
228505 356123
229608 350828
226544 352747
230661 347876
230880 349245
232610 349195
228412 354014
235024 349094
228952 349969
231698 352071
228554 348502
235399 347620
228492 349155
232935 348036
228873 348177
232988 353050
233451 349994
229495 352533
228944 345609
228223 349516
229397 346028
228632 349822
224054 345711
229142 350926
230921 352704
227620 348418
227963 350315
228081 352506
229874 352049
227412 349887
226063 344397
234880 349076
228237 343559
231713 348991
226294 352404
236250 352115
230029 357638
233684 349761
232439 352470
229974 350339
230995 347150
228033 349902
230357 348242
232706 347369
228307 347934
228198 349189
229352 358253
232405 348576
226885 347512
226676 347391
229080 349904
229162 353527
232182 346566
233407 342617
226627 349393
223977 352533
225033 341906
226211 352046
225923 353527
229723 350521
228695 343704
235076 350571
232334 352009
229918 352609
226083 351839
230496 352357
231095 353651
231406 346370
228837 353139
226833 344155
234958 350664
228262 350855
230137 353461
232193 347141
230083 350581
227573 353958
235172 351756
221188 351496
231488 350049
234762 348603
229577 353126
229642 351870
228047 353229
237690 349341
235130 350685
229894 353280
229196 346569
227411 351522
234862 351977
224920 354377
227261 355919
228614 353981
226554 346114
226140 344465
232237 346002
229779 352258
228462 348180
229188 346546
229662 349374
226999 349372
229332 345649
227279 349806
232557 346826
231547 347526
228902 352731
231047 348421
227307 347533
228069 354526
228036 353037
230655 351434
230169 350998
223587 346503
226900 347546
228457 352317
229319 350121
228376 348135
232069 356722
234098 348555
233185 348216
231224 348566
233423 342835
233740 352020
231755 353502
236311 352321
229200 346139
231101 346195
228561 352600
227990 347790
226901 353322
227592 346191
225941 351283
229047 346873
227764 348095
234924 348361
231669 354107
223883 351908
233696 350980
228311 353882
225010 346487
231680 344771
233874 351760
230922 350283
231277 350342
227476 346835
229527 352180
229689 351538
229269 345766
232319 350093
227556 353559
228981 349607
228585 356232
231312 350357
233982 349623
235617 346529
236614 350727
226823 351562
227688 355706
236141 348064
231187 349457
228252 350069
234431 351498
225087 350862
228533 354510
227035 351940
233538 348592
236188 358180
232346 348502
234734 351810
234944 355190
232203 355129
228392 346665
232871 349747
231044 347669
226458 349207
228234 349336
234730 346468
226355 350828
231024 351425
227592 349147
231771 348774
226888 348625
226026 342629
230701 346378
227198 346854
234140 350891
231648 350867
228921 348572
228904 351728
223681 350162
229967 352683
236906 350566
230973 350395
226761 351630
231058 350202
232305 353597
225817 347625
231666 351612
234516 349980
230721 351440
229050 347275
226792 352191
230222 342448
226803 347502
228950 356705
228683 355077
229850 350202
231472 346972
228668 348032
230220 347870
224581 351223
233170 355493
226865 349260
229112 349745
230537 349553
232830 354213
227467 348867
230085 351001
228141 346658
226562 351972
229885 346072
229461 351384
229871 347038
226741 359496
228373 350623
231053 347551
232196 349589
229145 353928
236293 350679
226786 344764
225761 352109
235170 349892
227067 346745
229402 354355
226865 350306
226289 346274
227554 354956
229485 353443
228584 345722
232742 350992
228677 352325
234013 348012
227399 351018
225068 349126
230933 349422
234175 347155
229264 354161
233907 351904
229230 349796
227999 350430
226084 354078
233386 349616
225902 347418
228968 351163
227536 352603
227555 348547
229103 345872
230453 344653
230746 346512
227330 354563
231078 353222
231629 346480
229557 349363
229281 350906
226176 347536
230981 351138
235206 348265
232369 346737
229636 346943
231823 352108
230585 348700
231812 348973
230390 349922
230030 346933
235027 348807
230390 352103
232019 353328
232460 350151
234196 351143
229508 347514
231987 348685
230207 348742
228473 351495
229677 349188
231911 353796
227637 346549
235007 351452
235957 348563
227695 349853
228903 350271
231460 343394
231274 349473
234380 348257
229774 356169
235041 353796
227359 349216
230254 348201
231023 349419
226942 350450
230187 353232
229161 349632
232712 352912
231726 349237
235862 354220
233150 348914
230325 346542
151408 314435
149331 312362
134794 305549
134103 286164
153814 297748
136957 294511
141954 305230
151588 285478
140330 313495
130448 319617
137269 295059
151578 308914
132962 304831
151412 305370
138419 317993
130315 307650
131073 304185
149095 299080
143323 311083
142708 312957
125177 310915
151944 313651
138688 317310
144161 320321
153425 304242
128361 310762
144286 314612
126707 310399
120771 313239
152900 299904
140766 316249
144311 305202
129948 308106
143540 329516
132115 309098
144838 313093
131363 285182
143749 318914
167224 326312
148322 298526
135310 307718
137649 302557
124828 289786
141093 296428
150577 309665
151568 310326
133645 316847
143676 306613
143064 306700
140561 325552
132945 302635
132759 301845
140044 315056
135813 315545
135722 309619
145320 310234
147144 303258
139444 322236
143106 312107
152482 317651
134158 321158
143706 317136
145008 289322
137555 320760
137647 304591
139804 310978
132445 311628
154726 293028
140051 325189
132356 313017
136771 316958
154578 308751
122151 315040
145217 309720
148515 307374
147453 320713
126272 309207
157920 299250
136951 315651
142899 302309
133808 303791
139513 304491
126282 321020
136347 311376
131964 298819
137267 306718
143401 315972
140601 308220
149516 305232
141073 288586
112731 297774
135077 309817
151179 292026
150498 305321
159844 305063
132581 303069
153398 300719
141706 318450
147070 293146
143167 317288
137025 406583
137285 409028
146310 388359
144918 394658
171224 414076
126012 405917
147887 420362
150954 396587
146840 398303
142065 397978
146232 398472
112182 411246
147912 410438
143752 440940
149381 413551
136663 378782
140638 393365
139196 402696
125272 392774
156244 396890
119502 398891
140434 395550
132510 381810
147411 400313
140743 390173
118281 402790
153769 375038
132460 401362
125564 398114
132273 403563
146041 394731
136472 389040
112143 398087
154464 402417
136629 391034
149910 389150
150842 395692
144614 383013
140965 381719
154293 381285
125649 403061
133423 401663
127135 400463
135285 432241
125150 404357
153223 406490
141708 398114
145365 383826
146013 413153
156858 411818
133415 404454
126110 379490
128834 406756
145490 403420
141729 421346
142797 400662
142235 393106
137023 390588
122795 396789
141988 395642
156043 410937
128154 422509
150107 387839
153774 398237
131592 397787
139734 382128
142622 401780
150995 395065
150953 393997
141285 411831
141361 406608
134570 392674
141898 408694
122319 396127
145261 393861
163039 400074
151260 389961
125089 395800
152994 394962
123359 397004
152682 398918
140556 419742
125084 407566
129013 394981
142001 409430
149611 408331
132272 409459
128736 400383
133333 386503
147384 406279
148944 403734
140782 390037
154508 418867
138803 396523
146259 408410
130536 389744
142812 414100
142343 397326
135432 394646
136404 408471
187658 338781
207029 333531
208353 330501
191213 332071
214802 343319
184023 332626
181628 340157
177238 329535
177590 308969
194217 326882
185877 331288
197608 323426
193057 329563
183674 314895
185549 323223
181435 321911
192099 327739
187611 334577
198273 335747
159715 340163
208293 340268
178759 325532
198284 345430
171427 330748
196603 320183
177926 320449
213407 320674
190364 317140
190997 342968
182053 327293
186179 340086
190332 324869
190238 344288
188266 333455
176665 320422
178297 337861
194321 336081
194280 314449
181567 315959
207296 331560
190243 322981
204636 324942
183030 337571
206024 333145
192576 340553
196542 333023
177243 344459
190845 326487
208804 331601
190240 329365
190818 331336
199413 319178
197048 337025
189126 323604
192993 319914
197397 355702
190062 319636
179795 306937
201393 327197
192276 321239
190692 348092
201372 335195
172141 332581
202093 326074
191708 329434
195052 311958
199546 323520
174062 340848
209272 318191
188654 322212
167281 334885
173585 333015
202727 337963
191801 339322
189461 326701
193113 353761
180240 328534
193650 338896
184899 328600
192616 332620
206005 315627
196315 333783
204041 327182
201783 315348
191003 332797
188293 306823
197109 333916
178321 340052
188701 323806
195416 334339
195568 333232
183915 323269
192279 330885
190076 318149
178434 336756
180831 339673
185663 329665
200683 324816
197250 349946
203243 312853
254370 280085
248888 292555
251269 313208
253095 316844
214886 315379
244704 289139
240388 292369
240383 298624
232754 300348
223777 298863
230336 307668
243725 300151
240597 310372
245892 303811
247818 302790
228889 295172
239850 304557
245048 308998
231740 313521
254611 305859
248784 284507
236214 318465
240922 294452
246208 307112
233455 271530
221140 324445
244295 288380
240706 292970
227895 296502
253645 303197
245242 289462
239492 309897
245696 279796
240988 299732
233896 300996
222865 296743
235714 281762
243472 303300
230151 290346
229824 306461
253531 297762
246819 308207
247221 307236
218514 302382
234491 302379
252133 297675
243392 307015
219554 290806
248876 298655
240893 298842
250526 295829
222535 295709
249058 294530
235731 305347
244431 314609
220038 310891
245301 286923
216132 301077
243185 303974
240057 291395
240637 298416
248610 306857
235979 290279
235900 299644
241950 309198
253941 299152
235322 310550
232875 304571
225552 293124
255976 314920
247167 301969
244190 286209
254398 292296
242269 289858
233150 276765
236280 298849
246675 302306
259639 305131
247073 304750
237388 304487
239936 292318
244234 288982
237097 303257
224532 293306
232569 301168
232989 294138
229223 297516
234735 310598
240569 293904
230296 274547
237013 296093
248733 301882
245013 311212
244466 296806
238442 299851
245005 305287
232924 306096
238741 310933
217210 290926
243179 305521
214196 386376
221048 408366
233037 406494
214946 391969
235333 390172
219584 397442
214226 398682
226850 400708
209977 414907
215456 414252
216539 392677
211273 407619
226312 409101
229760 408823
213416 406238
227832 404624
209740 396483
225559 393562
211429 402722
211377 406271
230418 406706
215919 385043
208276 395395
220475 404657
210032 399853
201562 396186
216767 397643
202593 390912
218412 410694
196048 397263
212313 388990
216473 401512
216611 390248
220820 402129
207942 397872
221409 408787
221736 386293
212908 398756
255805 402781
231861 392281
229251 400034
220139 405467
201364 388321
211415 405039
213990 413526
222526 400385
211922 381871
222205 396276
228069 416815
216788 392502
207272 410149
221505 396456
223753 392008
205797 400407
232022 396811
219591 407940
213031 396667
215407 385709
229198 395908
220005 388075
218726 415602
213333 406760
223029 405597
209665 410480
222037 400540
254088 396603
219275 378966
213775 413544
228046 395971
212732 404320
213786 399463
217533 404514
218704 397771
222195 393230
224987 406896
221021 414292
210942 387324
216656 416927
217143 418849
216990 407424
233820 409909
243820 391269
213923 407312
220728 403946
224327 413129
233387 411209
221884 399822
218525 405846
224441 407292
206674 391209
222455 407925
215823 398491
203026 400514
213852 409260
217049 404920
218990 412773
213767 393738
226754 394768
221605 396515
207319 397961
